-0.194 -2.708
1.267 -5.184
0.236 -3.438
-0.002 -3.034
0.062 -3.142
0.56 -3.986
-1.086 -1.196
-0.567 -2.076
-1.101 -1.172
-1.033 -1.287
-0.098 -2.871
-0.025 -2.994
-0.118 -2.838
0.287 -3.524
-0.582 -2.05
2.225 -6.807
-1.596 -0.333
0.088 -3.186
0.404 -3.722
-0.204 -2.692
0.323 -3.584
1.547 -5.659
0.473 -3.838
-1.808 0.027
-0.386 -2.383
-0.59 -2.037
-0.476 -2.23
1.407 -5.421
2.096 -6.588
-0.24 -2.629
0.812 -4.413
-1.313 -0.813
0.641 -4.123
1.323 -5.279
2.33 -6.984
-0.559 -2.089
2.167 -6.709
0.877 -4.523
1.36 -5.342
0.371 -3.666
-1.571 -0.376
-0.275 -2.572
0.378 -3.678
-1.503 -0.491
1.089 -4.882
1.202 -5.073
-1.926 0.227
-0.142 -2.796
0.563 -3.991
-0.976 -1.383
