-2.862 1
-1.437 1
-1.136 1
1.896 1
1.63 1
1.741 1
-1.947 1
-0.24 1
-0.274 1
-1.064 1
-0.684 1
-1.706 1
2.361 1
2.442 1
-1.059 1
-3.032 1
3.221 1
3.417 1
1.006 1
-2.067 1
3.969 1
0.308 1
1.899 1
-0.05 1
-1.584 1
0.906 1
2.453 1
3.392 1
-2.423 1
1.257 1
-0.915 1
-2.393 1
2.469 1
-0.12 1
0.302 1
0.163 1
-1.371 1
1.721 1
-1.335 1
-2.084 1
1.75 1
4.569 1
-1.047 1
-3.171 1
-2.847 1
-0.168 1
2.571 1
0.512 1
2.264 1
1.171 1
2.479 2
2.658 2
-2.029 2
4.144 2
-7.727 2
4.652 2
9.123 2
0.876 2
3.067 2
1.85 2
1.23 2
-0.795 2
-3.267 2
7.985 2
8.829 2
-2.324 2
12.354 2
-1.348 2
4.255 2
-2.017 2
4.967 2
3.916 2
0.809 2
-7.57 2
1.055 2
1.871 2
3.075 2
9.875 2
9.469 2
-0.793 2
5.174 2
0.222 2
1.639 2
2.321 2
7.25 2
7.006 2
-1.412 2
0.21 2
6.062 2
5.61 2
-0.593 2
2.592 2
-6.813 2
7.327 2
3.17 2
-4.549 2
5.821 2
0.782 2
-2.813 2
2.93 2
