1.675 -0.345
-0.333 0.0
1.366 0.889
1.069 -0.521
-0.054 0.157
0.407 -0.207
-0.009 1.051
0.158 0.467
1.45 -0.427
-0.963 -1.697
-0.128 0.619
-0.191 -0.156
-2.645 0.37
0.746 -0.166
-0.954 -0.252
-1.484 0.401
0.81 0.668
0.938 0.257
0.493 0.854
-0.042 1.455
-1.019 -0.344
0.291 1.108
-0.06 0.57
-0.222 0.18
0.105 -0.619
-0.853 0.369
-0.305 -1.389
-1.397 -0.046
-1.13 -0.785
0.822 0.016
-1.24 0.076
-1.805 -0.62
-0.06 0.723
-2.086 -0.597
1.421 0.1
1.042 -1.711
-0.236 0.222
1.075 -0.568
1.197 -0.046
-0.633 -0.896
0.567 -0.32
-0.071 -2.261
0.433 0.506
-1.059 2.004
1.996 -0.464
-0.599 -1.238
0.508 0.374
0.699 -0.684
0.394 0.026
0.164 1.563
